F1-Micro: 0.40864350433478913
F1-Macro: 0.3068161228185064
Precision: 0.31564367166044827
Recall: 0.3448131131307397
